255 255 255 255 255 255 255 255 255 255 255 255 255 255 255 255
255 255 255 255 255 255 255 255 255 255 255 255 255 255 255 255
255 255 223 165 164 164 164 164 164 164 164 164 165 223 255 255
255 255 165  26  73  75  75  75  75  75  75  73  26 165 255 255
255 255 164  73 239 247 246 244 244 246 247 239  73 164 255 255
255 255 164  75 247 255 252 245 245 252 255 247  75 164 255 255
255 255 164  75 247 254 248 242 242 248 254 247  75 164 255 255
255 255 164  75 247 252 245 243 243 244 252 247  75 164 255 255
255 255 164  75 247 254 249 246 246 249 254 247  75 164 255 255
255 255 164  75 247 248 226 226 223 220 247 247  75 164 255 255
255 255 164  75 247 218 188 184 195 184 221 247  75 164 255 255
255 255 164  73 239 241 237 237 240 240 244 239  73 164 255 255
255 255 165  26  73  75  75  75  75  75  75  73  26 165 255 255
255 255 223 165 164 164 164 164 164 164 164 164 165 223 255 255
255 255 255 255 255 255 255 255 255 255 255 255 255 255 255 255
255 255 255 255 255 255 255 255 255 255 255 255 255 255 255 255

255 255 255 255 255 255 255 255 255 255 255 255 255 255 255 255
255 255 255 255 255 255 255 255 255 255 255 255 255 255 255 255
255 255 223 165 164 164 164 164 164 164 164 164 165 223 255 255
255 255 165  26  73  75  75  75  75  75  75  73  26 165 255 255
255 255 164  73 239 247 239 213 214 240 247 239  73 164 255 255
255 255 164  75 247 255 216 139 140 219 255 247  75 164 255 255
255 255 164  75 247 249 188 109 109 190 250 247  75 164 255 255
255 255 164  75 247 235 175 131 136 177 236 247  75 164 255 255
255 255 164  75 247 248 214 198 198 216 248 247  75 164 255 255
255 255 164  75 247 248 224 219 216 217 247 247  75 164 255 255
255 255 164  75 247 217 187 182 194 182 221 247  75 164 255 255
255 255 164  73 239 241 237 237 240 240 244 239  73 164 255 255
255 255 165  26  73  75  75  75  75  75  75  73  26 165 255 255
255 255 223 165 164 164 164 164 164 164 164 164 165 223 255 255
255 255 255 255 255 255 255 255 255 255 255 255 255 255 255 255
255 255 255 255 255 255 255 255 255 255 255 255 255 255 255 255

255 255 255 255 255 255 255 255 255 255 255 255 255 255 255 255
255 255 255 255 255 255 255 255 255 255 255 255 255 255 255 255
255 255 223 165 164 164 164 164 164 164 164 164 165 223 255 255
255 255 165  26  73  75  75  75  75  75  75  73  26 165 255 255
255 255 164  73 239 247 239 213 214 240 247 239  73 164 255 255
255 255 164  75 247 255 216 138 139 219 255 247  75 164 255 255
255 255 164  75 247 249 187 108 108 190 250 247  75 164 255 255
255 255 164  75 247 235 175 130 135 176 236 247  75 164 255 255
255 255 164  75 247 248 214 197 198 216 248 247  75 164 255 255
255 255 164  75 247 248 224 219 216 217 247 247  75 164 255 255
255 255 164  75 247 217 186 182 194 182 221 247  75 164 255 255
255 255 164  73 239 241 237 237 240 240 244 239  73 164 255 255
255 255 165  26  73  75  75  75  75  75  75  73  26 165 255 255
255 255 223 165 164 164 164 164 164 164 164 164 165 223 255 255
255 255 255 255 255 255 255 255 255 255 255 255 255 255 255 255
255 255 255 255 255 255 255 255 255 255 255 255 255 255 255 255

255 255 255 255 255 255 255 255 255 255 255 255 255 255 255 255
255 255 255 255 255 255 255 255 255 255 255 255 255 255 255 255
255 255 223 165 164 164 164 164 164 164 164 164 165 223 255 255
255 255 165  26  73  75  75  75  75  75  75  73  26 165 255 255
255 255 164  73 239 247 247 247 247 247 247 239  73 164 255 255
255 255 164  75 247 255 254 252 254 247 221 244  75 164 255 255
255 255 164  75 246 252 248 244 249 220 184 240  75 164 255 255
255 255 164  75 244 245 242 243 246 223 195 240  75 164 255 255
255 255 164  75 244 245 242 243 246 226 184 237  75 164 255 255
255 255 164  75 246 252 248 245 249 226 188 237  75 164 255 255
255 255 164  75 247 255 254 252 254 248 218 241  75 164 255 255
255 255 164  73 239 247 247 247 247 247 247 239  73 164 255 255
255 255 165  26  73  75  75  75  75  75  75  73  26 165 255 255
255 255 223 165 164 164 164 164 164 164 164 164 165 223 255 255
255 255 255 255 255 255 255 255 255 255 255 255 255 255 255 255
255 255 255 255 255 255 255 255 255 255 255 255 255 255 255 255

255 255 255 255 255 255 255 255 255 255 255 255 255 255 255 255
255 255 255 255 255 255 255 255 255 255 255 255 255 255 255 255
255 255 223 165 164 164 164 164 164 164 164 164 165 223 255 255
255 255 165  26  73  75  75  75  75  75  75  73  26 165 255 255
255 255 164  73 239 247 247 247 247 247 247 239  73 164 255 255
255 255 164  75 247 255 250 236 248 247 221 244  75 164 255 255
255 255 164  75 240 219 190 177 216 217 182 240  75 164 255 255
255 255 164  75 214 140 109 136 198 216 194 240  75 164 255 255
255 255 164  75 213 138 109 131 197 219 182 237  75 164 255 255
255 255 164  75 239 216 188 175 214 224 187 237  75 164 255 255
255 255 164  75 247 255 249 235 248 248 217 241  75 164 255 255
255 255 164  73 239 247 247 247 247 247 247 239  73 164 255 255
255 255 165  26  73  75  75  75  75  75  75  73  26 165 255 255
255 255 223 165 164 164 164 164 164 164 164 164 165 223 255 255
255 255 255 255 255 255 255 255 255 255 255 255 255 255 255 255
255 255 255 255 255 255 255 255 255 255 255 255 255 255 255 255

255 255 255 255 255 255 255 255 255 255 255 255 255 255 255 255
255 255 255 255 255 255 255 255 255 255 255 255 255 255 255 255
255 255 223 165 164 164 164 164 164 164 164 164 165 223 255 255
255 255 165  26  73  75  75  75  75  75  75  73  26 165 255 255
255 255 164  73 239 247 247 247 247 247 247 239  73 164 255 255
255 255 164  75 247 255 250 236 248 247 221 244  75 164 255 255
255 255 164  75 240 219 190 176 216 217 182 240  75 164 255 255
255 255 164  75 214 139 109 135 198 216 194 240  75 164 255 255
255 255 164  75 213 138 108 130 197 219 182 237  75 164 255 255
255 255 164  75 239 216 187 175 214 224 186 237  75 164 255 255
255 255 164  75 247 255 249 235 248 248 217 241  75 164 255 255
255 255 164  73 239 247 247 247 247 247 247 239  73 164 255 255
255 255 165  26  73  75  75  75  75  75  75  73  26 165 255 255
255 255 223 165 164 164 164 164 164 164 164 164 165 223 255 255
255 255 255 255 255 255 255 255 255 255 255 255 255 255 255 255
255 255 255 255 255 255 255 255 255 255 255 255 255 255 255 255

255 255 255 255 255 255 255 255 255 255 255 255 255 255 255 255
255 255 255 255 255 255 255 255 255 255 255 255 255 255 255 255
255 255 223 165 164 164 164 164 164 164 164 164 165 223 255 255
255 255 165  26  73  75  75  75  75  75  75  73  26 165 255 255
255 255 164  73 239 244 240 240 237 237 241 239  73 164 255 255
255 255 164  75 247 221 184 195 184 188 218 247  75 164 255 255
255 255 164  75 247 247 220 223 226 226 248 247  75 164 255 255
255 255 164  75 247 254 249 246 246 249 254 247  75 164 255 255
255 255 164  75 247 252 244 243 243 245 252 247  75 164 255 255
255 255 164  75 247 254 248 242 242 248 254 247  75 164 255 255
255 255 164  75 247 255 252 245 245 252 255 247  75 164 255 255
255 255 164  73 239 247 246 244 244 246 247 239  73 164 255 255
255 255 165  26  73  75  75  75  75  75  75  73  26 165 255 255
255 255 223 165 164 164 164 164 164 164 164 164 165 223 255 255
255 255 255 255 255 255 255 255 255 255 255 255 255 255 255 255
255 255 255 255 255 255 255 255 255 255 255 255 255 255 255 255

255 255 255 255 255 255 255 255 255 255 255 255 255 255 255 255
255 255 255 255 255 255 255 255 255 255 255 255 255 255 255 255
255 255 223 165 164 164 164 164 164 164 164 164 165 223 255 255
255 255 165  26  73  75  75  75  75  75  75  73  26 165 255 255
255 255 164  73 239 244 240 240 237 237 241 239  73 164 255 255
255 255 164  75 247 221 182 194 182 187 217 247  75 164 255 255
255 255 164  75 247 247 217 216 219 224 248 247  75 164 255 255
255 255 164  75 247 248 216 198 198 214 248 247  75 164 255 255
255 255 164  75 247 236 177 136 131 175 235 247  75 164 255 255
255 255 164  75 247 250 190 109 109 188 249 247  75 164 255 255
255 255 164  75 247 255 219 140 139 216 255 247  75 164 255 255
255 255 164  73 239 247 240 214 213 239 247 239  73 164 255 255
255 255 165  26  73  75  75  75  75  75  75  73  26 165 255 255
255 255 223 165 164 164 164 164 164 164 164 164 165 223 255 255
255 255 255 255 255 255 255 255 255 255 255 255 255 255 255 255
255 255 255 255 255 255 255 255 255 255 255 255 255 255 255 255

255 255 255 255 255 255 255 255 255 255 255 255 255 255 255 255
255 255 255 255 255 255 255 255 255 255 255 255 255 255 255 255
255 255 223 165 164 164 164 164 164 164 164 164 165 223 255 255
255 255 165  26  73  75  75  75  75  75  75  73  26 165 255 255
255 255 164  73 239 244 240 240 237 237 241 239  73 164 255 255
255 255 164  75 247 221 182 194 182 186 217 247  75 164 255 255
255 255 164  75 247 247 217 216 219 224 248 247  75 164 255 255
255 255 164  75 247 248 216 198 197 214 248 247  75 164 255 255
255 255 164  75 247 236 176 135 130 175 235 247  75 164 255 255
255 255 164  75 247 250 190 108 108 187 249 247  75 164 255 255
255 255 164  75 247 255 219 139 138 216 255 247  75 164 255 255
255 255 164  73 239 247 240 214 213 239 247 239  73 164 255 255
255 255 165  26  73  75  75  75  75  75  75  73  26 165 255 255
255 255 223 165 164 164 164 164 164 164 164 164 165 223 255 255
255 255 255 255 255 255 255 255 255 255 255 255 255 255 255 255
255 255 255 255 255 255 255 255 255 255 255 255 255 255 255 255

255 255 255 255 255 255 255 255 255 255 255 255 255 255 255 255
255 255 255 255 255 255 255 255 255 255 255 255 255 255 255 255
255 255 223 165 164 164 164 164 164 164 164 164 165 223 255 255
255 255 165  26  73  75  75  75  75  75  75  73  26 165 255 255
255 255 164  73 239 247 247 247 247 247 247 239  73 164 255 255
255 255 164  75 241 218 248 254 252 254 255 247  75 164 255 255
255 255 164  75 237 188 226 249 245 248 252 246  75 164 255 255
255 255 164  75 237 184 226 246 243 242 245 244  75 164 255 255
255 255 164  75 240 195 223 246 243 242 245 244  75 164 255 255
255 255 164  75 240 184 220 249 244 248 252 246  75 164 255 255
255 255 164  75 244 221 247 254 252 254 255 247  75 164 255 255
255 255 164  73 239 247 247 247 247 247 247 239  73 164 255 255
255 255 165  26  73  75  75  75  75  75  75  73  26 165 255 255
255 255 223 165 164 164 164 164 164 164 164 164 165 223 255 255
255 255 255 255 255 255 255 255 255 255 255 255 255 255 255 255
255 255 255 255 255 255 255 255 255 255 255 255 255 255 255 255

255 255 255 255 255 255 255 255 255 255 255 255 255 255 255 255
255 255 255 255 255 255 255 255 255 255 255 255 255 255 255 255
255 255 223 165 164 164 164 164 164 164 164 164 165 223 255 255
255 255 165  26  73  75  75  75  75  75  75  73  26 165 255 255
255 255 164  73 239 247 247 247 247 247 247 239  73 164 255 255
255 255 164  75 241 217 248 248 235 249 255 247  75 164 255 255
255 255 164  75 237 187 224 214 175 188 216 239  75 164 255 255
255 255 164  75 237 182 219 197 131 109 138 213  75 164 255 255
255 255 164  75 240 194 216 198 136 109 140 214  75 164 255 255
255 255 164  75 240 182 217 216 177 190 219 240  75 164 255 255
255 255 164  75 244 221 247 248 236 250 255 247  75 164 255 255
255 255 164  73 239 247 247 247 247 247 247 239  73 164 255 255
255 255 165  26  73  75  75  75  75  75  75  73  26 165 255 255
255 255 223 165 164 164 164 164 164 164 164 164 165 223 255 255
255 255 255 255 255 255 255 255 255 255 255 255 255 255 255 255
255 255 255 255 255 255 255 255 255 255 255 255 255 255 255 255

255 255 255 255 255 255 255 255 255 255 255 255 255 255 255 255
255 255 255 255 255 255 255 255 255 255 255 255 255 255 255 255
255 255 223 165 164 164 164 164 164 164 164 164 165 223 255 255
255 255 165  26  73  75  75  75  75  75  75  73  26 165 255 255
255 255 164  73 239 247 247 247 247 247 247 239  73 164 255 255
255 255 164  75 241 217 248 248 235 249 255 247  75 164 255 255
255 255 164  75 237 186 224 214 175 187 216 239  75 164 255 255
255 255 164  75 237 182 219 197 130 108 138 213  75 164 255 255
255 255 164  75 240 194 216 198 135 109 139 214  75 164 255 255
255 255 164  75 240 182 217 216 176 190 219 240  75 164 255 255
255 255 164  75 244 221 247 248 236 250 255 247  75 164 255 255
255 255 164  73 239 247 247 247 247 247 247 239  73 164 255 255
255 255 165  26  73  75  75  75  75  75  75  73  26 165 255 255
255 255 223 165 164 164 164 164 164 164 164 164 165 223 255 255
255 255 255 255 255 255 255 255 255 255 255 255 255 255 255 255
255 255 255 255 255 255 255 255 255 255 255 255 255 255 255 255
